0101001011111101111111000000011100100001100000100110010101001111000101100011111101011111000011111001101001100010000111010111001010010101011001101100011101001101000100000000001101111100010011010111101110111011000001000000011111010001111000101100011001001001
1111000010010101100010000011011001111000001110101100100111001101100010110000000010000110111111101100000011000011111100100101010101001110000000111001101011111111001111010000101111010010011101001000011111001000001101001111100000001101011011101101111010000100
1111000010010101100010000011011001111000001110101100100111001101100010110000000010000110111111101100000011000011111100100101010101001110000000111001101011111111001111010000101111010010011101001000011111001000001101001111100000001101011011101101111010000100
1111000010010101100010000011011001111000001110101100100111001101100010110000000010000110111111101100000011000011111100100101010101001110000000111001101011111111001111010000101111010010011101001000011111001000001101001111100000001101011011101101111010000100
1111000010010101100010000011011001111000001110101100100111001101100010110000000010000110111111101100000011000011111100100101010101001110000000111001101011111111001111010000101111010010011101001000011111001000001101001111100000001101011011101101111010000100
1111000010010101100010000011011001111000001110101100100111001101100010110000000010000110111111101100000011000011111100100101010101001110000000111001101011111111001111010000101111010010011101001000011111001000001101001111100000001101011011101101111010000100
1111000010010101100010000011011001111000001110101100100111001101100010110000000010000110111111101100000011000011111100100101010101001110000000111001101011111111001111010000101111010010011101001000011111001000001101001111100000001101011011101101111010000100
1111000010010101100010000011011001111000001110101100100111001101100010110000000010000110111111101100000011000011111100100101010101001110000000111001101011111111001111010000101111010010011101001000011111001000001101001111100000001101011011101101111010000100
1111000010010101100010000011011001111000001110101100100111001101100010110000000010000110111111101100000011000011111100100101010101001110000000111001101011111111001111010000101111010010011101001000011111001000001101001111100000001101011011101101111010000100
1111000010010101100010000011011001111000001110101100100111001101100010110000000010000110111111101100000011000011111100100101010101001110000000111001101011111111001111010000101111010010011101001000011111001000001101001111100000001101011011101101111010000100
1011111110000010100110110111100101101011110100100110010000011000100010101001001110001111101010110100000110010111001111100111011101101011100011100011000001011100110100110111110111011000111111111100100100110010100010000001110011101001100000001000110110101010
1011111110000010100110110111100101101011110100100110010000011000100010101001001110001111101010110100000110010111001111100111011101101011100011100011000001011100110100110111110111011000111111111100100100110010100010000001110011101001100000001000110110101010
1011111110000010100110110111100101101011110100100110010000011000100010101001001110001111101010110100000110010111001111100111011101101011100011100011000001011100110100110111110111011000111111111100100100110010100010000001110011101001100000001000110110101010
1011111110000010100110110111100101101011110100100110010000011000100010101001001110001111101010110100000110010111001111100111011101101011100011100011000001011100110100110111110111011000111111111100100100110010100010000001110011101001100000001000110110101010
1011111110000010100110110111100101101011110100100110010000011000100010101001001110001111101010110100000110010111001111100111011101101011100011100011000001011100110100110111110111011000111111111100100100110010100010000001110011101001100000001000110110101010
1011111110000010100110110111100101101011110100100110010000011000100010101001001110001111101010110100000110010111001111100111011101101011100011100011000001011100110100110111110111011000111111111100100100110010100010000001110011101001100000001000110110101010
1011111110000010100110110111100101101011110100100110010000011000100010101001001110001111101010110100000110010111001111100111011101101011100011100011000001011100110100110111110111011000111111111100100100110010100010000001110011101001100000001000110110101010
1011111110000010100110110111100101101011110100100110010000011000100010101001001110001111101010110100000110010111001111100111011101101011100011100011000001011100110100110111110111011000111111111100100100110010100010000001110011101001100000001000110110101010
1011111110000010100110110111100101101011110100100110010000011000100010101001001110001111101010110100000110010111001111100111011101101011100011100011000001011100110100110111110111011000111111111100100100110010100010000001110011101001100000001000110110101010
1011111110000010100110110111100101101011110100100110010000011000100010101001001110001111101010110100000110010111001111100111011101101011100011100011000001011100110100110111110111011000111111111100100100110010100010000001110011101001100000001000110110101010
